1455
2929
2410
2200
3831
1676
2431
1323
798
1216
2994
2192
759
108
608
165
1066
3081
2800
3680
750
3759
345
283
1469
2510
3408
2497
1657
4150
2488
3338
3103
637
478
1252
510
1125
18
1119
560
2809
1564
2199
1017
3311
1620
2537
169
1067
3864
3683
440
2137
1508
1434
3055
4064
2970
957
2109
3847
383
2328
2204
2070
288
3130
587
1988
1855
175
516
2212
769
2514
2464
1512
1802
3555
168
3824
3946
896
3182
34
3579
306
2416
2569
866
874
2538
2309
532
707
1611
2064
3701
640
228
3995
2792
3046
3587
2187
252
4160
344
4174
2302
1076
2062
976
419
3669
312
63
3181
1597
2832
2397
3963
797
1406
1260
1153
3226
2470
3797
4002
2643
4188
3752
3580
476
118
2228
3427
1631
3037
4094
22
1187
692
387
1202
1777
2937
3269
2093
719
1451
545
2734
4054
2783
3327
1673
2210
2380
4044
1030
1107
1530
1993
1982
2868
2687
959
2619
3745
2015
3221
2185
2424
1122
2680
2799
1696
3446
2666
51
3767
2914
961
3528
1507
1130
3750
2590
2016
1788
2240
2484
1626
2814
755
3634
1542
990
259
2301
1717
3438
4070
3480
792
1722
354
3794
1920
2456
1630
201
2840
883
2525
2012
2259
1959
3499
122
333
3276
1270
7
4072
1263
2583
256
329
1257
964
2419
662
2487
291
2270
3629
1587
4088
4152
3529
13
1099
3575
166
1036
1860
2468
2203
968
1726
1209
3755
4198
1675
946
244
4114
1472
3259
3731
1606
1417
2513
116
985
460
1292
930
2958
112
3787
3348
115
871
187
4118
3169
3197
421
3859
1590
358
3321
1248
4
3194
29
3902
1765
2124
2336
1159
3664
635
2942
681
3542
3469
1370
1114
55
1957
1403
143
515
1833
1955
70
2173
431
3482
3154
3802
110
3016
3405
2032
3656
4080
2877
350
1910
3279
3770
3563
1687
120
2789
282
1367
1796
2049
2473
2040
127
2849
218
2287
4175
2005
3856
1668
3452
1383
232
3076
4191
3773
279
1568
3732
3578
2610
909
919
4040
48
3849
2898
2630
1834
3025
791
3456
394
3098
2544
3463
1862
2892
2452
3805
318
3890
1588
1766
2752
3330
3147
3861
1464
3202
424
4058
3220
1784
1619
1476
1442
2827
538
1053
2437
2303
2272
3177
1287
1105
557
1552
4009
1527
3178
2441
2172
887
2145
3696
1217
3036
4095
40
1463
3164
320
1347
3679
1490
991
3682
2104
2273
1706
784
1728
3060
2142
2648
2375
2425
1791
2324
3107
2528
156
4036
1131
1978
1473
3888
1377
37
2841
4153
3180
234
351
3414
268
2074
614
183
1407
1200
2284
2421
1732
3676
2283
1754
131
184
988
898
1223
3041
2213
3325
3761
157
1536
4165
1740
1903
3079
1435
3513
1634
1969
4125
151
343
3057
1070
1872
2755
1591
1428
1121
78
3397
3991
1236
3710
3954
1544
4090
3134
2739
2502
2369
3205
3662
696
3433
2033
1393
1835
2119
854
3369
3359
736
3777
955
411
1501
436
3462
901
899
1050
504
2392
280
417
3102
3648
2467
1043
2941
4146
1806
1285
2432
2331
1339
4149
564
3819
337
4025
479
2483
3525
1562
65
1812
471
1803
66
1387
1332
1170
342
2633
1346
2184
3423
1644
2218
162
39
2890
3558
926
2656
3762
2846
1901
3714
432
3938
4028
3884
2256
4041
941
1970
1432
193
1589
255
1009
1475
2662
3628
775
304
2557
2617
616
3198
158
2222
3882
1609
2258
3069
1392
3737
3430
2882
3295
386
2231
2296
1639
1198
2804
1193
1044
1840
1006
2720
1556
1925
3681
4136
2637
2234
3957
2874
2973
886
1373
364
3706
2061
2282
3504
2834
4086
2197
1895
71
3691
217
3984
3080
3343
912
1828
2605
1031
993
2997
1317
3997
2072
689
243
1695
3852
3466
3426
1889
684
3633
3381
2298
2445
2276
87
3351
3471
2595
1870
813
2508
553
2855
1990
2878
2097
2381
3208
4172
2168
1402
3855
3260
3798
599
2404
3223
2394
1748
589
3657
1822
50
4046
1359
869
3263
1055
3881
415
3188
3104
2379
1813
1662
1830
3936
240
2943
1943
1867
403
2477
2709
1164
1116
1938
2111
894
3112
3631
1155
2206
573
3498
3315
1577
1932
1166
2176
917
2813
1149
1380
2128
2881
1698
2407
1702
321
181
159
3271
546
2634
3689
699
1718
3557
202
4045
3898
355
3562
1865
1954
1398
4011
1447
1038
223
134
3807
1048
1284
1384
2107
1761
3910
2690
765
2913
1551
3827
3520
3341
691
3554
2762
3838
780
2867
1520
3892
762
2517
900
3354
2495
2588
2082
3955
4069
2323
1928
2418
3907
526
474
1276
2521
830
25
2629
3378
908
1689
1427
2362
4185
437
490
1816
1832
253
1290
2676
3935
276
3937
2268
543
2796
3050
3813
682
2503
150
473
1330
1849
3287
1173
2430
2549
1529
401
891
1042
3360
1412
777
2306
2650
1394
384
2504
2466
1468
3474
1405
3949
2170
2186
2058
2608
2830
3944
3431
3459
1983
2895
1653
2305
1410
3544
1651
578
1222
2787
1499
3717
3643
3966
1613
356
3120
3700
491
3140
2474
4049
3363
1137
4048
533
3677
1146
989
420
2594
2793
4020
3765
3277
2797
3703
717
2412
2788
3310
607
1768
2858
790
509
3058
441
3091
3113
2017
2151
715
3183
1414
2579
349
2358
2644
206
125
381
1091
2772
4181
322
238
963
1300
2572
2442
499
2559
3571
457
585
467
3757
177
2316
373
598
3132
3317
3967
885
3073
245
450
1395
3373
1425
1967
1987
3839
341
3333
3803
3193
2853
2712
3685
2489
1418
1931
2562
370
328
4007
1133
3153
2778
1879
2125
3023
826
2646
2411
2140
2157
3788
200
173
3806
1666
1873
3758
918
2934
1739
1413
722
3980
4051
1147
1995
980
2246
3644
1795
2750
3941
2674
1224
1852
2974
3586
338
2737
3836
1601
2271
1502
4171
4056
1095
2626
2075
2000
2515
83
1716
254
1710
2335
3607
3108
3127
2403
2553
2884
1362
1310
3909
219
2171
330
3244
2506
2189
806
1598
746
3590
2146
547
2434
1923
1792
1465
2046
1572
2332
520
209
1134
4178
1188
2526
2574
817
3294
3495
2719
3144
3256
4039
3118
3594
3337
1678
1280
3019
860
1799
2977
688
4100
821
4182
133
1450
3970
3976
1963
3074
3455
1907
3512
2393
952
1625
1622
1952
2395
3748
2561
1778
705
2600
4168
2279
3792
454
1854
3873
1550
3077
2935
2938
641
3968
1349
2338
3905
2570
3422
236
464
3396
3254
402
663
3428
1521
2022
3934
3125
3175
1039
944
2534
2139
2325
1848
3346
2265
3274
3155
123
594
1094
3388
3115
4021
205
101
1771
3442
823
768
1703
1510
2518
2885
834
68
1190
3488
3340
132
638
3598
3458
3116
4079
3493
1845
1789
761
1064
3613
4098
3565
595
2567
486
1088
3708
4101
1573
1661
130
2623
3723
3611
878
588
857
1724
1357
1363
1719
643
1753
1649
3187
541
1482
1032
352
1059
625
1511
3687
2293
1667
2825
347
3538
2519
3252
2894
3429
1947
629
2603
3227
438
2242
4190
1922
2057
3001
838
2753
3413
2030
3230
3704
862
416
1436
309
975
827
2390
3541
1226
369
368
3595
105
3072
4157
658
4066
3240
2224
2931
3239
650
3951
1617
2018
447
1561
843
2754
3445
423
1883
3887
246
2962
1488
3645
852
2733
488
30
1492
1466
4017
2860
224
872
3443
1686
247
382
213
372
2622
1396
2744
4129
590
2940
2990
1886
3659
3214
593
4093
1409
2183
1344
4155
3808
2341
1013
3576
3249
297
3503
2742
687
2269
3005
1457
1204
710
2079
316
3889
3345
3814
2102
2342
1419
1353
2546
2533
2747
3241
2909
2761
1369
2529
186
4033
1712
3105
3410
1758
289
3059
1051
4116
2219
3857
3894
2636
3149
2463
2960
287
1143
2593
85
2826
2073
774
1528
3835
4081
451
3090
1037
3603
2081
1440
20
1535
1727
1151
2507
562
1891
804
3048
530
708
2920
142
3952
673
1103
840
3289
2956
3924
395
3067
493
3084
3965
2034
94
1781
3306
3863
1743
3454
875
2405
2816
3947
3268
1110
3237
3950
2669
1315
2932
2703
3207
1303
2589
1638
1183
1948
367
3014
1798
1340
2426
3972
4037
2618
1846
3875
2947
3711
2751
2454
2076
584
3172
430
270
4176
4047
1688
3524
1267
1500
1919
189
967
3566
753
1321
3047
2414
2591
2606
2241
4197
815
3549
3620
848
2573
709
3845
2014
565
2798
524
1663
1456
3203
1892
239
639
3933
2780
1546
1479
1534
3284
1018
3793
3994
4105
2776
4019
2670
1266
3334
3790
4106
1035
2815
3978
3747
3622
302
2165
4099
1386
2658
706
2558
4113
1628
4010
3296
1211
2833
561
3602
4135
2708
2758
1255
2457
3588
1213
4102
3830
1958
3846
1914
4112
764
2069
180
2239
1890
994
3010
498
229
739
2243
1603
2566
947
1519
69
3262
2955
2697
405
2664
645
1328
2112
2759
3780
1730
2981
3165
2292
2108
31
2024
148
56
3651
997
1608
3931
2311
1439
970
1614
388
3111
1517
537
1194
3453
3591
2912
1106
3245
3908
2965
2812
3743
2704
2295
3606
6
986
1745
2743
3070
3479
2462
4169
3281
3109
754
1567
1961
1741
3186
3868
2389
3699
102
2905
1503
4061
44
3131
4065
1366
2918
2436
2334
921
2949
4018
261
3228
426
1338
3593
1581
3071
501
1767
3605
3721
2991
3491
2580
2972
1680
1007
660
1648
3494
2640
2922
819
851
733
390
195
3026
1391
2050
2998
458
3398
2175
1829
3017
4013
3784
3509
2458
2891
290
1924
2773
2550
1212
1273
1684
1642
1525
2080
3089
2511
1314
810
3584
49
876
3911
1994
949
3850
2945
4166
1483
1999
2260
2979
1733
617
2013
3670
3547
1632
1241
2844
3384
3114
1793
79
2729
3421
3465
2036
540
3572
1808
3064
3368
1975
2123
664
3402
2322
2067
1015
2986
783
1295
265
170
1605
2554
3771
3769
511
824
527
655
3879
1120
459
221
1080
2679
2006
208
203
1814
1627
2649
1311
1289
4023
1283
152
3301
3990
3695
1184
4192
1752
1269
1586
1182
677
2692
2318
3322
3860
506
702
53
453
3372
902
1563
298
2354
2388
716
3569
2794
4151
1356
2893
2400
744
1318
2901
2164
2928
1237
1397
1874
2371
1641
1354
448
1794
2153
1747
466
1817
114
182
1509
1045
628
3002
1811
2155
535
1073
801
1060
2770
1203
3096
2685
3768
548
3011
2571
3054
449
1316
3510
1458
4008
2564
1244
95
1900
737
2071
2190
3441
1210
942
3288
2042
3981
3045
751
2337
2475
1072
2717
3518
3146
3201
413
2166
1081
109
3234
4055
1683
3063
2987
2613
4014
2777
3614
2530
3313
1061
1215
1824
2449
3275
3135
4158
3781
1084
3179
539
666
602
1495
3639
1837
752
1152
1708
470
2627
2009
495
1327
3688
407
1096
1459
2678
4083
1022
1098
766
2883
1629
3705
728
1480
3106
4195
953
2587
2852
2
35
904
549
2077
2727
1487
2854
3006
3640
2370
1866
2363
3637
1052
3832
1977
1074
3738
2349
1247
1154
2667
890
1715
950
2836
90
2090
1937
3483
808
1250
3782
3545
3395
3948
1738
1537
2343
758
3973
2330
2450
1946
3444
3724
3641
1933
2147
3403
3486
2711
1312
2828
3318
648
4103
3811
1906
1138
1757
3671
3709
1293
2624
3392
2536
1003
2319
1864
212
897
439
1305
2004
3539
1720
1790
2740
2248
3377
850
1046
903
3432
2766
2638
281
483
3342
2731
250
278
3290
1029
1277
974
2198
4089
1102
52
2406
570
2374
3716
786
577
2584
735
3161
3992
1100
3661
3899
2869
579
2919
2916
2025
2023
1075
954
1256
2993
787
241
2963
492
1268
3901
2724
3740
646
693
376
1229
3702
433
2383
1437
107
3148
2906
214
3390
2586
3218
80
360
1825
859
582
846
3870
2771
397
1555
2842
855
2143
581
1669
3786
1025
2300
308
1444
4104
4001
248
1333
220
2896
618
1028
892
2597
3527
1478
2539
3720
1325
2307
497
842
2925
3975
3945
1882
847
2984
4159
144
2122
2677
3922
3212
1086
2113
1026
3404
1618
3979
3531
672
3932
979
795
1104
513
928
3110
4133
1471
2052
1331
2548
3478
1335
873
3307
507
3339
554
3589
311
3906
1971
257
1711
4173
1941
1443
2191
3119
1389
106
563
2725
1259
408
1679
1400
3733
43
3822
3007
484
3650
3895
2887
2329
135
631
2262
3270
2476
3754
531
2214
400
3352
2496
2806
3361
1274
3314
434
3086
427
242
74
1539
1238
920
3380
3533
3983
371
1231
1861
1652
3407
2364
3883
199
2386
4096
3394
2347
2845
2367
3517
1650
2730
147
3309
3150
517
3100
1010
2002
3087
1624
3766
1033
1635
3715
418
1020
4032
4130
2138
1358
3833
3986
1725
2387
23
3436
3851
3665
2872
856
1262
2760
299
3760
1894
429
2652
958
2144
1723
392
1225
3961
4031
933
3302
922
1847
2444
3920
825
749
1291
3652
494
4091
1888
2915
1742
4042
47
3235
2563
1836
2683
3623
2027
3490
3385
3167
4043
76
2121
836
2556
3939
1633
4143
2802
57
1168
514
870
176
1227
1602
2359
1343
3266
3030
725
3387
3756
3152
3297
3391
2992
889
623
1065
3729
97
536
2085
2133
1827
1596
3464
2244
3616
802
1249
2001
3299
2821
3492
103
3196
1208
620
881
3200
713
868
1381
3242
2021
1361
910
2996
2961
4026
619
28
2582
2625
987
2839
3812
3977
4107
3329
1939
1275
992
4016
1360
2838
2592
482
357
1136
2327
2008
3319
3734
1156
2180
1991
576
3199
1692
2764
1700
3123
2718
2237
956
1245
2639
3841
552
1898
2543
396
1981
1355
4030
1139
1431
583
469
2127
3621
2818
3022
154
2966
1429
1233
2673
3776
1734
1454
313
3174
2384
1423
3159
1002
3143
1801
1807
2120
2280
2999
21
978
2339
3964
2811
1547
1
3399
2975
2238
1011
642
1992
1549
580
1984
1921
3481
793
1998
4035
2420
2443
2423
3684
4161
3173
113
2007
346
1965
3189
1826
3523
3829
1069
914
2848
1560
3018
3393
1313
19
822
3515
277
969
2498
651
1062
2247
465
275
1113
586
86
2612
3561
3712
391
2819
3799
3356
3163
1660
1960
3099
2291
26
3485
111
2621
3823
743
2866
613
377
2944
2044
2714
1604
17
3088
481
818
1929
1286
600
1175
385
149
3615
500
3707
1940
2820
701
3257
2317
2635
1953
167
1571
2575
216
4186
2682
3184
3880
2250
409
8
3353
3038
1636
3789
3764
2162
3989
3505
1368
2026
927
3066
2095
2096
2136
3204
3409
3858
3324
2163
58
2208
3280
77
1199
3472
2541
4126
566
12
2063
915
3800
1615
837
601
3625
4187
4121
1930
3415
230
2632
1181
2907
1382
1810
267
2560
2409
4162
1782
1111
2274
951
3878
555
932
378
3885
4194
3357
948
1950
1857
4148
2417
2003
1180
444
2829
3785
2299
3496
46
89
1621
742
4147
2078
422
145
934
1350
4075
1063
3694
4184
3323
3604
1821
2150
1144
796
3867
611
3502
2372
3735
3828
2532
1253
2604
2765
965
1538
3382
3062
73
2158
3192
1707
4092
895
2715
3530
2499
4062
331
1575
3052
1445
1884
2051
1751
207
2843
1108
1737
3009
3056
196
1388
3219
3484
3121
2233
2099
756
2601
1514
2100
3719
3419
2552
1157
11
1859
3253
140
2876
2429
2415
1415
1158
1878
3308
119
2094
155
1219
2494
1118
1583
2684
3158
3692
2289
137
853
4196
1041
3959
2948
3031
1869
1935
3435
1489
1220
398
867
1092
2647
1774
3468
2382
1148
2037
2373
2723
757
729
3008
1989
3636
2152
139
745
335
522
2029
2356
340
3075
3929
833
3347
534
2448
3366
3564
428
3749
3697
4140
695
3592
718
1000
1735
3215
1348
2653
1645
3282
2810
3960
2978
2252
292
27
2314
1438
2398
1506
2084
442
54
652
3974
3273
2980
1205
3647
575
3473
3206
983
2266
2294
3982
3666
820
3573
3619
3956
2154
3460
2774
2031
4120
3021
2741
2065
3638
1819
3389
864
3600
938
215
771
3117
3400
1461
2019
75
3374
1685
3168
2253
1296
1664
2126
1856
1899
3236
1693
1399
2201
3191
3999
2182
374
1336
326
2824
799
1176
1962
294
2790
2659
2059
2227
633
3865
1141
2675
571
2555
1838
626
2261
3840
2255
931
2641
3969
1949
1759
1416
3040
3332
286
4067
657
362
3083
3546
4156
3170
3914
3371
3609
3783
4003
1090
463
2220
3532
760
2988
2465
3440
3923
2129
3534
1115
2177
2459
3291
1372
3364
2585
1126
1934
981
1299
2257
596
3095
606
3728
712
3003
1513
1896
4163
1565
2983
3667
1186
603
2757
1191
1345
2835
2194
2333
1902
1172
1178
1446
1858
3818
3039
3552
323
317
521
1682
1980
2479
1162
3300
1721
1264
3320
1986
1228
2910
3804
1497
2726
489
2950
1404
3085
2856
1659
3514
3243
2353
4109
3848
634
2831
365
3772
3519
2304
1140
1755
3726
4085
496
4029
2784
2048
2391
1909
3877
1593
